8
0 28 72 22 32 40 58 72
28 0 81 51 40 78 42 40
72 81 0 46 76 76 75 54
22 51 46 0 38 56 62 56
32 40 76 38 0 68 9 71
40 78 76 56 68 0 58 49
58 42 75 62 9 58 0 34
72 40 54 56 71 49 34 0
