8
0 34 79 41 60 42 56 59
34 0 48 57 37 34 53 48
79 48 0 22 30 61 17 59
41 57 22 0 43 61 46 16
60 37 30 43 0 29 53 56
42 34 61 61 29 0 54 18
56 53 17 46 53 54 0 68
59 48 59 16 56 18 68 0
