8
0 30 35 48 73 75 74 52
30 0 16 71 59 95 21 31
35 16 0 60 25 55 76 55
48 71 60 0 60 13 33 66
73 59 25 60 0 58 56 67
75 95 55 13 58 0 41 41
74 21 76 33 56 41 0 57
52 31 55 66 67 41 57 0
