8
0 45 33 63 74 69 58 15
45 0 51 29 54 28 83 26
33 51 0 32 47 45 67 96
63 29 32 0 43 57 47 63
74 54 47 43 0 14 38 55
69 28 45 57 14 0 27 19
58 83 67 47 38 27 0 14
15 26 96 63 55 19 14 0
