16
0 60 32 58 81 9 79 74 12 54 23 29 64 51 34 89
60 0 31 43 65 73 66 42 33 52 61 36 68 92 77 21
32 31 0 37 33 85 59 56 42 45 52 49 74 67 13 6
58 43 37 0 37 53 49 60 80 24 60 76 86 52 38 52
81 65 33 37 0 85 78 69 34 33 27 49 26 68 43 45
9 73 85 53 85 0 39 69 19 78 71 28 42 30 26 58
79 66 59 49 78 39 0 91 71 56 49 45 55 4 53 57
74 42 56 60 69 69 91 0 39 75 4 67 51 43 61 50
12 33 42 80 34 19 71 39 0 53 82 28 17 36 64 54
54 52 45 24 33 78 56 75 53 0 62 24 56 43 26 81
23 61 52 60 27 71 49 4 82 62 0 44 64 36 42 81
29 36 49 76 49 28 45 67 28 24 44 0 54 92 32 39
64 68 74 86 26 42 55 51 17 56 64 54 0 24 42 28
51 92 67 52 68 30 4 43 36 43 36 92 24 0 54 89
34 77 13 38 43 26 53 61 64 26 42 32 42 54 0 40
89 21 6 52 45 58 57 50 54 81 81 39 28 89 40 0
