17
0 32 57 15 67 50 70 23 48 34 9 73 54 51 14 53 41
32 0 36 40 95 76 39 20 32 30 30 42 61 44 92 88 66
57 36 0 48 16 56 78 59 28 19 22 95 53 69 63 22 72
15 40 48 0 58 91 32 57 31 55 39 66 41 56 63 46 35
67 95 16 58 0 23 64 30 21 46 70 28 28 47 49 32 67
50 76 56 91 23 0 34 69 15 64 85 54 52 37 29 60 66
70 39 78 32 64 34 0 36 57 34 14 37 61 34 72 65 55
23 20 59 57 30 69 36 0 45 87 34 9 62 63 68 41 80
48 32 28 31 21 15 57 45 0 37 25 14 74 14 76 27 20
34 30 19 55 46 64 34 87 37 0 54 21 64 45 56 21 46
9 30 22 39 70 85 14 34 25 54 0 50 38 5 17 62 68
73 42 95 66 28 54 37 9 14 21 50 0 55 22 59 55 60
54 61 53 41 28 52 61 62 74 64 38 55 0 54 61 57 26
51 44 69 56 47 37 34 63 14 45 5 22 54 0 28 30 66
14 92 63 63 49 29 72 68 76 56 17 59 61 28 0 62 94
53 88 22 46 32 60 65 41 27 21 62 55 57 30 62 0 71
41 66 72 35 67 66 55 80 20 46 68 60 26 66 94 71 0
