16
0 32 35 56 87 84 43 25 27 48 47 72 44 84 59 39
32 0 58 47 63 75 47 33 23 51 45 43 62 40 40 60
35 58 0 74 62 48 51 43 27 8 39 57 52 85 72 74
56 47 74 0 20 8 23 50 87 66 98 37 54 73 61 25
87 63 62 20 0 65 18 62 64 51 39 62 16 66 33 69
84 75 48 8 65 0 32 64 22 52 59 74 49 62 53 74
43 47 51 23 18 32 0 61 64 13 17 57 9 19 89 24
25 33 43 50 62 64 61 0 52 14 34 9 16 76 44 58
27 23 27 87 64 22 64 52 0 62 71 16 53 68 71 38
48 51 8 66 51 52 13 14 62 0 62 77 60 44 58 53
47 45 39 98 39 59 17 34 71 62 0 73 75 45 31 64
72 43 57 37 62 74 57 9 16 77 73 0 37 10 64 59
44 62 52 54 16 49 9 16 53 60 75 37 0 31 46 45
84 40 85 73 66 62 19 76 68 44 45 10 31 0 79 31
59 40 72 61 33 53 89 44 71 58 31 64 46 79 0 88
39 60 74 25 69 74 24 58 38 53 64 59 45 31 88 0
