17
0 8 54 82 56 64 63 71 62 41 46 46 51 33 67 46 30
8 0 26 20 50 70 24 52 22 49 59 68 46 52 52 29 39
54 26 0 35 21 43 47 69 59 51 36 59 78 54 24 52 31
82 20 35 0 31 58 34 49 76 60 88 34 55 46 69 56 70
56 50 21 31 0 17 54 67 54 23 36 46 50 69 66 32 14
64 70 43 58 17 0 53 33 50 79 71 70 62 56 65 47 89
63 24 47 34 54 53 0 19 18 37 85 65 46 24 60 64 63
71 52 69 49 67 33 19 0 44 30 60 39 67 41 49 42 59
62 22 59 76 54 50 18 44 0 44 34 34 13 44 46 18 14
41 49 51 60 23 79 37 30 44 0 57 50 68 54 69 52 38
46 59 36 88 36 71 85 60 34 57 0 16 61 46 71 52 15
46 68 59 34 46 70 65 39 34 50 16 0 55 83 87 57 25
51 46 78 55 50 62 46 67 13 68 61 55 0 45 36 58 94
33 52 54 46 69 56 24 41 44 54 46 83 45 0 29 59 62
67 52 24 69 66 65 60 49 46 69 71 87 36 29 0 50 13
46 29 52 56 32 47 64 42 18 52 52 57 58 59 50 0 55
30 39 31 70 14 89 63 59 14 38 15 25 94 62 13 55 0
