16
0 8 53 41 41 61 53 52 67 92 65 95 44 60 50 54
8 0 79 41 54 54 23 17 34 56 32 57 24 40 40 55
53 79 0 67 27 9 53 68 62 37 56 50 42 76 45 57
41 41 67 0 47 50 74 14 14 58 49 57 73 12 95 18
41 54 27 47 0 62 73 30 28 63 77 72 46 57 46 71
61 54 9 50 62 0 82 93 46 88 15 70 23 84 39 77
53 23 53 74 73 82 0 42 44 23 77 32 57 53 66 61
52 17 68 14 30 93 42 0 14 72 26 45 54 63 38 20
67 34 62 14 28 46 44 14 0 80 48 32 35 22 44 62
92 56 37 58 63 88 23 72 80 0 42 69 66 24 61 35
65 32 56 49 77 15 77 26 48 42 0 36 23 45 55 55
95 57 50 57 72 70 32 45 32 69 36 0 59 59 29 39
44 24 42 73 46 23 57 54 35 66 23 59 0 48 31 36
60 40 76 12 57 84 53 63 22 24 45 59 48 0 41 45
50 40 45 95 46 39 66 38 44 61 55 29 31 41 0 22
54 55 57 18 71 77 61 20 62 35 55 39 36 45 22 0
