8
0 70 59 58 73 35 81 60
70 0 18 70 31 28 79 62
59 18 0 91 96 71 31 53
58 70 91 0 71 34 80 55
73 31 96 71 0 27 68 56
35 28 71 34 27 0 38 29
81 79 31 80 68 38 0 69
60 62 53 55 56 29 69 0
